shh:
0.8:

average:
[ 0.92990028  0.92990028  0.92990028  0.92990028  0.93117624  0.93117624
  0.9318044   0.93306405  0.93558001]

0.9:
average:
[ 0.92931841  0.92931841  0.92931841  0.92931841  0.93057962  0.93057962
  0.93057962  0.93309559  0.93749281]


1:
average:
[ 0.9448818   0.9448818   0.9448818   0.9448818   0.94676313  0.94738972
  0.94926788  0.9530242   0.96931689]


0.95:
average:
[ 0.93583027  0.93583027  0.93583027  0.93583027  0.93708824  0.93771964
  0.93771964  0.93959942  0.94586527]

================


uc:
1:
[ 0.97168758  0.97280992  0.97512924  0.97057995  0.96935424  0.96935424
  0.97168758]

0.9:
[ 0.96589058  0.96702453  0.96935546  0.96479456  0.96592851  0.96354562
  0.96354562  0.96589058  0.96702453]

0.8:
[ 0.96589058  0.96702453  0.96935546  0.96479456  0.96592851  0.96354562
0.96354562  0.96589058]